240563119,0
576703585,0
3767700102,0
3714917228,0
1322209043,0
1165373836,0
173546485,0
738993209,0
649106432,0
3999864637,0
38120888,0
3910202730,0
3615280953,0
3229541777,0
3425482112,0
2636056694,0
3326299469,0
3586325606,0
1882035991,0
4243279210,0
1870978388,0
1925520782,0
1662821153,0
764344302,0
3531613156,0
174941935,0
4056248724,0
411020332,0
3911501485,0
3410987117,0
4149359605,0
2877066953,0
4013582696,0
2684111136,0
2694412797,0
2993205658,0
2465680573,0
20187204,0
4030724076,0
3255651079,0
2961577964,0
0,1
1239473833,0
3964022784,0
3082589408,0
2124222203,0
3196083671,0
4279911202,0
973076789,0
696675742,0
1779546732,0
3471485272,0
2096704913,0
3208787936,0
3622934553,0
2124903647,0
1049771308,0
485399273,0
4222685123,0
4216764398,0
2068109077,0
4231754743,0
1585536264,0
1697784397,0
3085105213,0
2250773087,0
1342487015,0
1187485921,0
3491158300,0
834709623,0
1672086502,0
2974386298,0
4086193793,0
2863784921,0
4173037784,0
612598646,0
1586001600,0
3719746383,0
1216827429,0
267435112,0
1929870988,0
3352652858,0
2215784161,0
443988802,0
909520024,0
67128858,0
3776221384,0
1944924928,0
791485913,0
2058433191,0
2750276222,0
2574133163,0
4291264811,0
3381095745,0
4171908402,0
1598548310,0
2823993659,0
3992497113,0
1638077576,0
1784723222,0
230031921,0
2590301113,0
2706527703,0
2294329789,0
2049602129,0
3873222762,0
2831808973,0
2410509732,0
3746924973,0
3982748463,0
2777561274,0
3511621582,0
2508009609,0
2447081724,0
3019354640,0
298442759,0
346895216,0
379855902,0
211015966,0
51475160,0
613566108,0
1983068370,0
2332804561,0
2721100887,0
1292488414,0
488341339,0
2643615574,0
2297098425,0
1870175418,0
824268876,0
718299675,0
1724829841,0
1235389194,0
1828874989,0
431867419,0
1939619450,0
3649685178,0
3136738111,0
790685816,0
3181057830,0
3933394925,0
3065595011,0
3347130234,0
148033862,0
436558459,0
449103340,0
269191728,0
2528527589,0
2759861863,0
2194563574,0
23371117,0
264181087,0
152091505,0
2379711475,0
483990617,0
3548845809,0
2801455152,0
603947653,0
2629342382,0
1425584659,0
2477682505,0
634495821,0
2178095405,0
2866341010,0
1608296864,0
1177499950,0
57510403,0
2025334217,0
3065973909,0
2721024073,0
3446165276,0
3564338781,0
1574392461,0
2417617611,0
1393351359,0
2104120953,0
2389647251,0
4212316498,0
1937022901,0
2206198520,0
2090442557,0
1508225753,0
3763917443,0
3990178792,0
786596431,0
2488606215,0
66505461,0
2939324547,0
1491240908,0
1809722575,0
1179725238,0
685480246,0
1749405066,0
3330675311,0
3627399189,0
87764445,0
1095478467,0
77270764,0
2140650822,0
1306755922,0
1065377971,0
949425255,0
2450584720,0
75282113,0
1479159119,0
1836157908,0
675338688,0
3327047916,0
3399231408,0
1180489751,0
2327141896,0
2144723408,0
1012146676,0
4164026130,0
355546522,0
10942298,0
2355495368,0
47972621,0
317008966,0
2820757506,0
4087430950,0
1093737486,0
4219898227,0
711167914,0
1986244091,0
861077487,0
2221002712,0
3253458550,0
709480110,0
3743836308,0
4083613518,0
2223599127,0
52325178,0
1937475159,0
3085685749,0
4094376791,0
74690339,0
2368035425,0
2350246340,0
6376718,0
3411955079,0
1565457976,0
543792980,0
1241825879,0
3455181737,0
3395869665,0
1146474361,0
4207981413,0
676146273,0
361926366,0
1817065082,0
2331912534,0
3236750179,0
2978520619,0
846909793,0
4261800732,0
224802201,0
637538564,0
339112838,0
1263283580,0
4234110222,0
378430746,0
3593940039,0
436880281,0
1427094498,0
3295697467,0
2911172090,0
4054750895,0
3392059398,0
4132770064,0
4214399255,0
1491811102,0
655008441,0
1465931318,0
3843539974,0
68573644,0
1327644351,0
2853827267,0
2413111594,0
2368575626,0
2983381132,0
3543004525,0
983363402,0
1907068249,0
4174518716,0
264718801,0
108070394,0
1039215443,0
145395144,0
383547536,0
877094776,0
2142092638,0
3185789864,0
2443435122,0
47859995,0
1408051844,0
619321874,0
3448356647,0
1515939503,0
3869568228,0
1723239455,0
1257642949,0
2025879879,0
3125038217,0
201202951,0
4294967295,0
873508000,0
2802119177,0
1577622272,0
125378616,0
3678479254,0
743732219,0
2148627226,0
962619306,0
30310129,0
187781317,0
2672860647,0
3449231635,0
2293820723,0
827727136,0
3094328797,0
807822444,0
1916933903,0
1640050779,0
1052667030,0
4074406369,0
1728887462,0
112937487,0
1875546049,0
841123491,0
3617474923,0
3904187171,0
2817834468,0
1284766238,0
1580885435,0
3387472947,0
2867445038,0
1519462746,0
195447493,0
3464853546,0
3853003753,0
426490277,0
1297190953,0
1993457280,0
214666972,0
4054719074,0
2574899550,0
1719452650,0
2041327680,0
3310598667,0
629560085,0
4013905687,0
1576856899,0
1830754690,0
4225687217,0
3030337654,0
3804622832,0
2824817818,0
4188646990,0
2735187655,0
742873682,0
66196636,0
1546497757,0
1187202696,0
2946556861,0
781142415,0
794114923,0
3430222689,0
2786504598,0
2485177620,0
1902354978,0
3276251227,0
3163640426,0
2976639629,0
990465701,0
1621832010,0
265477791,0
2550138647,0
2983597797,0
872976371,0
3325468254,0
1862038642,0
2674770702,0
4232547116,0
1600490401,0
132424725,0
3109916679,0
1386165062,0
3793368907,0
2456863684,0
1481772029,0
104610482,0
2999220188,0
2025054786,0
911084074,0
877850678,0
4037774269,0
707003758,0
4198288579,0
2422171700,0
2339107461,0
2668351301,0
4213854005,0
503741884,0
2336275386,0
1273829294,0
4211148298,0
1771155563,0
586532809,0
3054196728,0
852891431,0
2011645235,0
481897229,0
2302957941,0
1787023698,0
3507592960,0
1640947528,0
620727644,0
3628100358,0
2874272537,0
3243989575,0
3144825847,0
3379547278,0
3291112514,0
1962222602,0
3695169062,0
3764160786,0
4050764505,0
859780143,0
17389229,0
3743350515,0
94509644,0
3787109368,0
4234986003,0
495247812,0
3006092500,0
1441986399,0
3849843538,0
2600158502,0
2301447388,0
2145265243,0
571637732,0
2255942223,0
834958878,0
427264494,0
3878767883,0
643623846,0
1777903042,0
1021978424,0
1391863535,0
3139120734,0
1540278080,0
2275397959,0
3439044325,0
1491965723,0
2056335582,0
319245629,0
3532477373,0
3302162535,0
2493469170,0
2733090610,0
1005516424,0
1752732515,0
2991250008,0
2908463500,0
270802278,0
2501707741,0
3153892979,0
1121318401,0
403859436,0
1129693344,0
3238075906,0
1266942471,0
2349217436,0
1893962883,0
3710997763,0
1015231121,0
3424394952,0
3881326754,0
1119675304,0
2891266729,0
3574017929,0
155135015,0
901501758,0
2163348830,0
4160038344,0
1038400541,0
354692633,0
3161909831,0
2166044246,0
2035669160,0
2386593989,0
1383631723,0
107254452,0
1013222076,0
3413236433,0
1644713904,0
2659508230,0
2582193183,0
2820263525,0
1070274541,0
2821365641,0
2063222265,0
1336009570,0
234714479,0
651175596,0
117537974,0
2712633934,0
3519379137,0
1093077976,0
748741247,0
1343585293,0
3626916450,0
2795448031,0
3719748218,0
2676686555,0
2916888309,0
3841637535,0
844814893,0
393903714,0
1530791008,0
482682151,0
2859078650,0
2347531772,0
2952686451,0
3640220645,0
3009851207,0
1717842701,0
846585715,0
3689468570,0
1108354542,0
2268645242,0
2917446055,0
2038059006,0
1135109139,0
695974407,0
2337644601,0
738404907,0
559382427,0
1033417271,0
3898060145,0
1539259595,0
3100127720,0
1770302440,0
2554157566,0
1204015784,0
963816981,0
3327700794,0
1610913420,0
1389765782,0
1348340563,0
2024619594,0
3336215492,0
938256525,0
1546875605,0
2668958541,0
612850975,0
3110602032,0
278027449,0
324326465,0
2308640003,0
1424861584,0
380714909,0
988915783,0
3023585422,0
59956236,0
1089181723,0
2761244132,0
3454335018,0
2807280924,0
3655518625,0
602577158,0
813788308,0
3573533035,0
3785650160,0
1033661534,0
3397991475,0
3941693753,0
1725680402,0
1251695816,0
2934307127,0
697982421,0
4043903642,0
3377444043,0
2593885622,0
2527289190,0
2295704126,0
3086927990,0
2844278062,0
1639321355,0
1308006609,0
262803164,0
3549564274,0
147311301,0
2143353427,0
2446236543,0
2904781263,0
3135490236,0
1400925577,0
1199987714,0
299694980,0
3659809113,0
3180203173,0
1620886771,0
1499091971,0
3986472224,0
4284372898,0
2207229205,0
1587375427,0
4173291185,0
3824481026,0
1357649960,0
2099486897,0
2323363240,0
464273239,0
2498093375,0
914636771,0
1688040779,0
1823150017,0
3602280144,0
3358008229,0
2191879917,0
4121058939,0
3495200138,0
3303109137,0
3601814937,0
19265747,0
3935964190,0
3369705665,0
525536651,0
366823996,0
977432151,0
1449494101,0
1488850535,0
2460151518,0
2324894823,0
2532778331,0
328877533,0
3403497998,0
78798177,0
3930242857,0
1158575047,0
950088885,0
4108556952,0
170168359,0
2254068785,0
4210016835,0
234525230,0
3667363657,0
2212801038,0
835701673,0
3433381065,0
2764129241,0
1070395564,0
3335911450,0
3245337834,0
3664789348,0
3572159208,0
3280778760,0
4083803820,0
1402304010,0
2323986124,0
871637628,0
2638581695,0
3358019184,0
2919330055,0
593059606,0
3754871131,0
114312468,0
3092109098,0
2641749883,0
565839348,0
77416186,0
1902050507,0
3523076262,0
2218605647,0
3836305375,0
1032419293,0
2619422747,0
2925066907,0
3640864371,0
824707512,0
604760617,0
1915705655,0
3389360901,0
2897379972,0
3709024244,0
593899056,0
302158955,0
3370570215,0
1582288020,0
762617758,0
2671924312,0
3542006340,0
827338506,0
3243038651,0
451804084,0
3486724405,0
3739484835,0
581768691,0
3056569320,0
2113352524,0
2235173210,0
3100901795,0
2358003057,0
3240672126,0
3216623034,0
788977707,0
2646717731,0
2492765817,0
3278573093,0
763549476,0
1457152143,0
2198604737,0
1659295415,0
1370989718,0
568152089,0
3841876726,0
711663764,0
1125836122,0
196579119,0
1219270103,0
1932311422,0
820667279,0
1785704180,0
2149007664,0
1200834433,0
1415650982,0
334181019,0
510907539,0
183501786,0
3434508124,0
1082741958,0
1440436771,0
1002918900,0
1839068274,0
843784135,0
1179307969,0
810548488,0
584868533,0
3151311631,0
3854676621,0
3013285131,0
891083718,0
1566883644,0
2346562394,0
3380684119,0
3054865392,0
2918047827,0
3877558877,0
2899456040,0
2511029762,0
2956876999,0
2462482971,0
3688169662,0
2184269253,0
3527769286,0
3241052500,0
1232972917,0
3810605401,0
2471218646,0
172137580,0
1258115203,0
4191013822,0
2273097475,0
186727032,0
3529416369,0
43480659,0
3026078917,0
868634634,0
2330092321,0
1012794985,0
1600063348,0
3012707583,0
3327547086,0
2900433912,0
3678867900,0
2620269049,0
3754979183,0
1057326705,0
3064048289,0
1618579613,0
596106763,0
4184916263,0
4290764197,0
3556723327,0
2281661419,0
4259664823,0
2205294425,0
296860809,0
519451217,0
97771975,0
241722603,0
177690167,0
1082169088,0
2843173396,0
2910261234,0
1142205127,0
1750351133,0
4082732648,0
105397450,0
1134483187,0
1154245580,0
3519189376,0
3835246363,0
761622281,0
2194938283,0
2767747817,0
2671865200,0
1372647803,0
880696904,0
3425929630,0
2163601951,0
1206735641,0
1488022969,0
1516396447,0
3219034199,0
3140794632,0
2911942623,0
3983416974,0
4253156954,0
126130804,0
730571929,0
1787236155,0
2766181579,0
2743947474,0
2027460453,0
4034627477,0
2728725845,0
327968630,0
2106615457,0
1094511023,0
1615285996,0
3512237601,0
3968433602,0
8439561,0
1334846705,0
3511492510,0
3089742831,0
643321843,0
1517530888,0
2519700076,0
3252708084,0
364455673,0
2063442616,0
3503632876,0
3129905073,0
1232403841,0
2797969686,0
3566374502,0
221070023,0
1722465364,0
1243081726,0
1625200741,0
1903572332,0
3692092552,0
2761565190,0
1401910379,0
2383670765,0
1618824948,0
89057575,0
2887095481,0
3797945163,0
1142395887,0
2288669217,0
1830705830,0
4279785872,0
1883700469,0
586725264,0
2707961882,0
4107172521,0
2678451317,0
1440713802,0
3356945667,0
3946874891,0
166665860,0
3687706268,0
1159955487,0
95946450,0
2046523221,0
1849621033,0
2366693605,0
1883770737,0
1764604949,0
2116599792,0
371390721,0
804748704,0
2747926979,0
236669998,0
1083244360,1
2499327967,0
2108713565,0
4054644257,0
1696711192,0
2438815203,0
2818060014,0
1662943689,0
3547313982,0
1578019807,0
1456350159,0
3784570417,0
3441141520,0
3456039499,0
4251046878,0
3152801150,0
3081546706,0
3067578726,0
1628228960,0
4087146354,0
1109128597,0
425480921,0
2016596956,0
4282473524,0
3310048297,0
2817283014,0
227965556,0
3016386817,0
2608266266,0
3194957373,0
1498049329,0
3506380408,0
2128346893,0
1644956705,0
4152358235,0
824320927,0
3597286531,0
442543252,0
2222895618,0
463085704,0
13594174,0
1387419286,0
2580125094,0
204015758,0
393835063,0
2661799378,0
239225727,0
498072948,0
1140404446,0
151738630,0
4195864691,0
530333769,0
1329621349,0
3626664971,0
2387618692,0
1789447650,0
2938830858,0
3706870175,0
586954465,0
120235905,0
1604159791,0
4163672109,0
2756412404,0
2622007370,0
1246723317,0
2992209724,0
2682932343,0
217765728,0
690507883,0
3371460628,0
2204866512,0
2692480943,0
3251681776,0
780992159,0
4065634717,0
2818414124,0
2879051506,0
9255837,0
3466023808,0
2519767546,0
1490675786,0
1673054809,0
3901296676,0
3041755392,0
2402733956,0
2166414376,0
682826949,0
68323237,0
3811678744,0
2367036516,0
194653914,0
930646949,0
3122435974,0
2185529663,0
2371808331,0
3616725601,0
4076438973,0
1855765730,0
2898137486,0
109830567,0
74424168,0
3698408514,0
2292734,0
2579696523,0
263381246,0
1866636450,0
1028148323,0
676635880,0
1267298910,0
3220396162,0
1602682631,0
1331442939,0
426765057,0
734115180,0
1674823928,0
2569775684,0
3777678931,0
304901283,0
68008891,0
348125903,0
246492420,0
3529130200,0
433394571,0
222296884,0
3599691072,0
2619507161,0
1379643734,0
3390181324,0
3532746705,0
3770641070,0
1753137728,0
2361954285,0
1585220241,0
3072274340,0
1548340013,0
1679124008,0
106548317,0
4177290380,0
101477950,0
2632287338,0
1064770451,0
3096707766,0
3731810922,0
1113418159,0
2152601888,0
2705500265,0
3972139113,0
2215007177,0
2103997585,0
2986991717,0
335705835,0
3383644953,0
1389642776,0
1173801996,0
1700533033,0
311173688,0
1023640008,0
1679269275,0
2901402124,0
2918666738,0
1334562038,0
3067295555,0
468300285,0
3625012150,0
2153698072,0
3588835997,0
3617747564,0
80170245,0
2823090677,0
4229733498,0
3812343488,0
330217025,0
1467210977,0
207685082,0
3482954765,0
3371805757,0
793527571,0
1271768599,0
2476045254,0
679595921,0
1536032125,0
4230517666,0
3831258625,0
1114694731,0
332202696,0
825241190,0
307661062,0
544533623,0
644388087,0
2472242839,0
3383815153,0
2968021820,0
2180778883,0
3149214307,0
2486610574,0
1240879042,0
3394861202,0
1197421419,0
4028951983,0
854719642,0
2142807773,0
4293676524,0
2886814416,0
295269678,0
2992039476,0
863724958,0
1930625956,0
811731664,0
2198016547,0
948763744,0
1095872162,0
1653980744,0
1130162221,0
1550442148,0
4186356960,0
1654698075,0
2743368474,0
585430226,0
1335058210,0
3883566053,0
466662533,0
1018058561,0
3612148127,0
158933525,0
1851767846,0
1114917163,0
1264029715,0
1430422698,0
3035133734,0
3257169222,0
4290589158,0
441287711,0
855182524,0
1115417148,0
1396534821,0
1242529760,0
1956312440,0
2794577707,0
3158265431,0
3354352554,0
73927824,0
969441157,0
451487197,0
2186949079,0
431622882,0
2000704270,0
2429925543,0
3064435134,0
1272031569,0
837391919,0
1063768491,0
603601479,0
2518261005,0
1176834825,0
2430102400,0
2041985812,0
2340950329,0
4188298223,0
3278386957,0
1863386590,0
3584465302,0
3681465536,0
1319838678,0
169025442,0
3437339780,0
3437591277,0
4002584174,0
4211432859,0
2066626584,0
471372839,0
2928289861,0
2975547845,0
1868404161,0
261413272,0
2218354654,0
4163121750,0
846266650,0
1208258040,0
2862257643,0
830502633,0
404108616,0
3094756692,0
2440321300,0
2140492037,0
1305137375,0
357016989,0
1984556287,0
3242768914,0
2460730646,0
2508826680,0
2518460281,0
2391706449,0
3793644762,0
2505426278,0
3392421791,0
1269856038,0
700989041,0
3890172451,0
2323372157,0
966572877,0
2088434041,0
3386500495,0
1332300257,0
908387623,0
2365243123,0
3379653306,0
793172798,0
202378742,0
668657176,0
2533031746,0
1731432113,0
3272115617,0
1576653628,0
2564224100,0
2031343258,0
4005837597,0
1997303316,0
1963584112,0
3077377770,0
1285579278,0
2729313058,0
3282322407,0
2253199409,0
3181293540,0
811881775,0
3194462150,0
3359758623,0
1657361155,0
2117879584,0
3657492341,0
2363872544,0
536358028,0
1027789390,0
3498961635,0
1569703302,0
3986844260,0
3223361417,0
2694179575,0
1921442037,0
1379556144,0
3889923455,0
558164805,0
3382514972,0
3468247853,0
4230217896,0
2353984551,0
770349867,0
2119646002,0
1151033061,0
1840253599,0
4048169127,0
1609930744,0
3514561584,0
1615508088,0
2796416281,0
3514399423,0
3176498874,0
3007653846,0
4255839157,0
342775629,0
3394418220,0
956131239,0
3425679829,0
154892214,0
2501467212,0
3724252731,0
3078991653,0
2325780544,0
2186137378,0
3311439646,0
821340784,0
1481340293,0
3410063769,0
4006520112,0
3812814236,0
1492143414,0
4201497536,0
1015727033,0
635336670,0
3472561806,0
319429820,0
624722368,0
3019161157,0
3730203345,0
3983614608,0
2424297869,0
349501550,0
3114238511,0
4252636266,0
4145942255,0
4021276778,0
3076914057,0
1191426752,0
3070110746,0
218397855,0
2301847077,0
3224583128,0
1425517553,0
1688445455,0
713618704,0
3327947091,0
3808234142,0
2467427247,0
3882209122,0
4178983837,0
2707892429,0
792712294,0
2880319963,0
1414147493,0
3727822356,0
3420440300,0
1057209710,0
1777593988,0
1367068796,0
2848550381,0
2091405723,0
2176284136,0
356818101,0
2974055899,0
1052761373,0
3578694553,0
3467057885,0
1000821400,0
1035056181,0
752175952,0
2022959374,0
142754927,0
435673070,0
1066576140,0
1442229454,0
992401907,0
706304903,0
3140443007,0
543647392,0
2311279604,0
3745750651,0
3671793251,0
1326261540,0
3249766836,0
1005235481,0
58672060,0
507135675,0
2321998664,0
3159981329,0
1271327646,0
3785045367,0
1621369245,0
1381440573,0
4884732,0
1363957452,0
785941079,0
1427096030,0
456966678,0
3346072898,0
1965081537,0
3303057274,0
1678978622,0
4014787602,0
166215490,0
1416122194,0
1135803765,0
3439328628,0
3927593502,0
2340912082,0
780594826,0
455935996,0
727693198,0
3306082547,0
740880668,0
4228707655,0
3471888645,0
269990523,0
1929869241,0
680031043,0
1237772239,0
2657446401,0
740610518,0
2296756422,0
3362947526,0
1859541990,0
1815750635,0
2373204142,0
702534527,0
3356152957,0
2647170795,0
599254859,0
4181976002,0
61606728,0
2269853830,0
261694732,0
2399134418,0
1342401499,0
1304970912,0
3289856683,0
1604120452,0
615806671,0
2422430214,0
1705988241,0
4143659797,0
2885678884,0
2479286970,0
1891021592,0
810266540,0
840663198,0
2771103496,0
1910662484,0
1252554520,0
2190834709,0
3317540131,0
3364038408,0
1292293948,0
2758111753,0
2554906028,0
17904706,0
2763978774,0
1851482703,0
3967003650,0
2996534698,0
2887783276,0
421187299,0
3057974991,0
214913205,0
998603890,0
1830497176,0
2224986583,0
281504192,0
4164513706,0
748817980,0
1000899206,0
2261597197,0
3551352821,0
3120476263,0
1764915263,0
1818348793,0
3399803992,0
937395037,0
2107274305,0
778406094,0
4090797884,0
1074429897,0
3710041959,0
1811275784,0
2393949992,0
523678757,0
20102355,0
2135118983,0
3635524785,0
1577668203,0
4027368185,0
2748241834,0
379648631,0
3035621979,0
3882117776,0
450194899,0
390715775,0
2416302720,0
3249214890,0
2491168694,0
655960174,0
3434650840,0
2347669642,0
194671042,0
2658169218,0
3618758205,0
1539792965,0
2148769625,0
3222400912,0
2505771503,0
904696875,0
2232534429,0
2997142896,0
601211777,0
769730204,0
161498185,0
4027642546,0
2305091788,0
2294143609,0
606224710,0
2876640468,0
4244637657,0
3108661191,0
3784288770,0
4104813497,0
661857753,0
277205317,0
382296851,0
231721263,0
2257702810,0
2429918753,0
3862361299,0
246370930,0
1571076737,0
4113829695,0
2057567000,0
3319010292,0
4050370744,0
281990418,0
1042003045,0
946764151,0
3425304855,0
1109622071,0
624545779,0
3118079870,0
2072940297,0
873093168,0
1947395611,0
1396675990,0
2419205644,0
3196355518,0
575933418,0
818209342,0
2497394299,0
448215561,0
3398765688,0
3600420504,0
952727738,0
3666502249,0
1910779227,0
2359651520,0
2859611172,0
1151667289,0
4099552340,0
227166783,0
3849562307,0
4125298360,0
1776556356,0
2151333853,0
3517301869,0
3064735036,0
693423177,0
4090759206,0
1835398908,0
275626358,0
3202274585,0
2747769722,0
963632438,0
3482367565,0
3486517277,0
3877760586,0
2327300215,0
2322157212,0
2408002720,0
4076954463,0
3559302658,0
3297154108,0
1480342169,0
2803252150,0
4185136974,0
3218256029,0
3531414608,0
489484510,0
160281489,0
4078026782,0
2789781570,0
3636170857,0
246947914,0
1412744953,0
2539370884,0
713855372,0
1723079264,0
3104463839,0
1606457835,0
2635948680,0
3727198605,0
1155719805,0
3516405321,0
4258176880,0
3869638823,0
3891568356,0
2182638913,0
592797977,0
178004604,0
2665054350,0
3809090995,0
624646540,0
804017296,0
194949035,0
154111846,0
1537877832,0
2592182231,0
4168922689,0
385948612,0
1937403455,0
3793991627,0
2491303386,0
958177137,0
1936906147,0
1907028330,0
3184751336,0
1647707404,0
1546565834,0
735736536,0
3718096253,0
442481984,0
2210331817,0
1215310597,0
1502334473,0
932696030,0
2851297917,0
4062880729,0
717743826,0
1755017439,0
121969471,0
3336455597,0
311014880,0
3284152098,0
1943000079,0
3489907359,0
2392166674,0
1640851544,0
1480123632,0
4173609442,0
3416572678,0
1107357654,0
1800736068,0
2628320486,0
3227699999,0
3647205642,0
405747973,0
2879497460,0
2929424471,0
475151826,0
3258406362,0
3726428964,0
3478469047,0
2929630820,0
4120134052,0
1310574658,0
3209095561,0
470497398,0
1851024744,0
2475739908,0
506104963,0
2002800562,0
2439338592,0
2574134942,0
427576933,0
2865846336,0
4041499446,0
2680978468,0
4248431973,0
956566383,0
3863415370,0
4274283362,0
462452569,0
3216257051,0
2685783755,0
3258716859,0
1690176737,0
4143965564,0
3644565192,0
2369518677,0
1613948867,0
563000153,0
1417949428,0
77582469,0
2972823240,0
917090823,0
1148657987,0
307299362,0
1488303056,0
1939398675,0
3811048834,0
3059509969,0
1176829605,0
158337501,0
1936341377,0
2643886399,0
3373196296,0
3883821297,0
2031811922,0
3111008026,0
3992745392,0
3372532629,0
3557692825,0
824430131,0
4174664106,0
2723101413,0
3935416745,0
3046081430,0
203944314,0
3069909013,0
3065762556,0
697255510,0
1451852751,0
3919962307,0
2832017316,0
1943113215,0
3428006706,0
1648095405,0
3462989708,0
2352320897,0
1593205336,0
2085422581,0
1857746573,0
576543262,0
3882971411,0
169639036,0
2940689296,0
2408553374,0
1343066671,0
3673427149,0
2862544962,0
3683877441,0
2845512839,0
570122314,0
4084750714,0
493395554,0
769744032,0
1094909239,0
1700148404,0
1864822887,0
438041679,0
2496795782,0
3594523415,0
325263864,0
2452403627,0
2770534140,0
1722860553,0
1279351753,0
741093237,0
2991110870,0
3696679823,0
1294390597,0
1980655163,0
1248322381,0
2928604716,0
2467638726,0
591058066,0
2496443058,0
910990421,0
3899323288,0
1977299355,0
3628838029,0
759808375,0
1807621019,0
789544750,0
2981232668,0
1061673703,0
1218142318,0
3626270207,0
3333763210,0
3127869322,0
542425533,0
1490134313,0
353330982,0
3024130253,0
2215517866,0
1525050422,0
3068118021,0
1178658908,0
1675719864,0
1386042312,0
1823073154,0
464442132,0
528458741,0
1204628316,0
2155796564,0
2003535929,0
148444877,0
3628268921,0
2573592853,0
892804660,0
1953925854,0
3039133391,0
3477032595,0
3696540417,0
1446387497,0
3190000454,0
520066388,0
452896801,0
4264197194,0
3831695299,0
2677902563,0
4039037314,0
2098941162,0
713857209,0
1359421842,0
443190025,0
3588265892,0
3084220344,0
3525693034,0
1371407251,0
435897572,0
3266216787,0
1101955729,0
3250381418,0
2988691441,0
1530948292,0
4003329456,0
895249171,0
3047797701,0
3580770848,0
513179901,0
2724793014,0
3680590803,0
3307536231,0
2883536541,0
1924185492,0
2191634564,0
359885068,0
1089422962,0
3733705681,0
208164941,0
2070898907,0
4073407499,0
1926833392,0
1587131178,0
3549877019,0
623943175,0
464052542,0
2933991262,0
1974788329,0
1126813322,0
2744499952,0
2244768925,0
875494940,0
2631353820,0
1251967649,0
2761024397,0
1046362831,0
937981668,0
3655735240,0
4121329682,0
3956307274,0
98440294,0
1823461800,0
3971854675,0
1199735403,0
2612691397,0
2540973778,0
1119904079,0
949322264,0
4012417239,0
2195079845,0
1019416201,0
401497418,0
46311225,0
189412707,0
1562588664,0
1807881649,0
1105170411,0
3793178151,0
3288779324,0
250815517,0
467422680,0
1279186299,0
438154329,0
1830454479,0
95380256,0
2655795596,0
2844582727,0
1001697997,0
1047121782,0
1232011232,0
1825511736,0
2254777623,0
3335216686,0
3018211975,0
2685229781,0
3607784003,0
2927093813,0
3909409297,0
800228166,0
1842502981,0
1348006920,0
1210353332,0
537442258,0
1265245487,0
903569810,0
1946163929,0
3612020733,0
3741139926,0
821240570,0
438049550,0
4255397385,0
2705293071,0
1279704200,0
1917428621,0
2382908030,0
3296072237,0
668214180,0
3319959640,0
2199210676,0
242006658,0
275570653,0
3077258805,0
1611017042,0
2121326090,0
1499815705,0
3578785074,0
1765189206,0
2880106418,0
2543172112,0
3765640772,0
1617002175,0
471866524,0
1149210237,0
1530217217,0
2968633522,0
3801987122,0
632645120,0
3693794725,0
2463806032,0
4115097536,0
538706694,0
2412451934,0
1747997144,0
1669449236,0
2679281528,0
4100902328,0
3693464647,0
1207177836,0
246483842,0
2689351531,0
930701006,0
2161361484,0
494001943,0
3338783418,0
2885587343,0
3759426473,0
2851763008,0
3409516650,0
2478323678,0
3648471010,0
4006593435,0
74116694,0
2305134183,0
2584640501,0
1192471105,0
994151454,0
1735126859,0
3883503536,0
4085235259,0
2390361104,0
3525454123,0
1280351779,0
2722684324,0
3726310395,0
2864691586,0
2907867393,0
507004565,0
1261140113,0
2050158458,0
976677204,0
1356010290,0
1543995721,0
737037482,0
413772206,0
2777092978,0
2495568574,0
2813127206,0
3621636515,0
2337713260,0
800258426,0
3621854469,0
928099105,0
2134720543,0
1572918852,0
3018299372,0
1494470430,0
3866514422,0
2647839930,0
973869579,0
4139551253,0
2434266134,0
175064071,0
3057026524,0
2962828274,0
236505155,0
3436172228,0
1222196472,0
2526807521,0
3213105054,0
355919782,0
1035243073,0
3203334248,0
3057155112,0
1432194505,0
367980132,0
3709475900,0
15091599,0
3142839525,0
3409477313,0
3415268379,0
548872705,0
2322767456,0
2534317599,0
3883352889,0
2348969229,0
632971559,0
3378556752,0
3032948660,0
1294392432,0
3751617326,0
1211444875,0
978210904,0
3252841124,0
832241360,0
3345703875,0
3136932573,0
745334172,0
188748542,0
119633914,0
4226778893,0
2808965997,0
3332966900,0
4145328079,0
2606458391,0
3473112225,0
4025205994,0
2953247276,0
1813384301,0
2222493357,0
3001393358,0
624392518,0
3158190332,0
4094851618,0
2837302125,0
2424225574,0
3976809315,0
4267884273,0
3707347225,0
2770672061,0
1786179457,0
2926579572,0
4157928154,0
1936580288,0
2044264388,0
1636115675,0
3428113523,0
3932458874,0
2580083469,0
1009534983,0
2547197482,0
806656727,0
778203023,0
576372063,0
106610696,0
158854812,0
269792814,0
2209172271,0
1237852787,0
1816848403,0
1879216713,0
2082379196,0
2321767306,0
61643858,0
4024751165,0
1581515306,0
3879016090,0
122634215,0
2803033567,0
3536123821,0
2534636351,0
3173003157,0
1064543670,0
3588541493,0
4178541288,0
2060801879,0
3567221703,0
2714861272,0
1447287763,0
4080667865,0
168554880,0
223458089,0
3299732283,0
812721017,0
2522499155,0
2266310482,0
1871237975,0
1149767024,0
96611608,0
445246797,0
1838079451,0
2494021033,0
4077776981,0
688892822,0
218866393,0
68722744,0
501492052,0
3268217047,0
2419909552,0
2230155502,0
1892892619,0
3049928769,0
2215297219,0
3785013428,0
3516329917,0
2591831451,0
2665966466,0
1835623926,0
2161748624,0
3818949951,0
4153847372,0
133052984,0
4102524001,0
2635198850,0
2516509793,0
2353909007,0
4002258701,0
568224049,0
1777482735,0
1497785416,0
1945643139,0
909034170,0
711982845,0
1681428976,0
357522238,0
83826709,0
1482076072,0
3927359764,0
980197543,0
1649850272,0
3213553258,0
2973043357,0
952457328,0
1548625241,0
2415538865,0
3328590902,0
37018366,0
649309480,0
2482662216,0
1687445123,0
3367881732,0
3138498675,0
732868066,0
2718597426,0
1261308335,0
649800119,0
112830028,0
2564633583,0
1370791358,0
4024042361,0
3703307663,0
2137333480,0
3585873722,0
3304296147,0
4203458182,0
3530003196,0
3346389803,0
1121937452,0
3927455968,0
3574444452,0
3503117059,0
2157027034,0
903370938,0
1669529404,0
2997353560,0
690445945,0
2277292939,0
2826585569,0
429444960,0
75593393,0
751004155,0
2990556277,0
661573244,0
2771598102,0
2633909214,0
2129396609,0
1010461356,0
2330024457,0
4042806141,0
1578790962,0
3688249750,0
2301088497,0
1887309998,0
405334841,0
2890273536,0
1198920687,0
3171295174,0
1455591085,0
2975834028,0
2553973698,0
1930802995,0
3663051159,0
3946138865,0
3851472519,0
3863172297,0
4124165502,0
3399605804,0
1159302450,0
1676535730,0
3041409474,0
3615474540,0
1674470934,0
813901996,0
917967923,0
4188327157,0
1378896336,0
1999630256,0
58024993,0
1793268162,0
1169337397,0
3789960038,0
322937190,0
1554619764,0
1539594605,0
3156740695,0
2881277209,0
4043008597,0
3879457574,0
3897589581,0
1865407407,0
4259736223,0
607805107,0
2189543617,0
373014717,0
38942637,0
519375737,0
2281462467,0
2975954080,0
2374802960,0
4092217464,0
183712498,0
2005192375,0
1595174954,0
3961174443,0
2492968785,0
524627744,0
4048244236,0
2113145444,0
1068014697,0
3101112459,0
726209999,0
1457084839,0
228523755,0
1993560771,0
3257577722,0
2588682083,0
3841809374,0
1875403650,0
2899380480,0
1894320814,0
2884154148,0
3526626176,0
2203522594,0
1719545769,0
2287949086,0
1693399845,0
2518953947,0
3230276057,0
333974451,0
2345183449,0
734268846,0
3151953329,0
3111257937,0
3818104559,0
2270035037,0
784642588,0
2212933820,0
2907012484,0
1664309666,0
1938540986,0
3507968987,0
883659795,0
1845312738,0
2709368660,0
4248969587,0
3336037032,0
3284059262,0
947191534,0
2983252542,0
3093732885,0
2600305149,0
3830250816,0
3277421651,0
4146530514,0
637668278,0
560975791,0
2566480690,0
111015569,0
1848531304,0
2865693104,0
2049468643,0
1058618103,0
1515204073,0
4270933241,0
2320563351,0
760683903,0
1143396529,0
1995899422,0
4198107160,0
857860135,0
3205192204,0
1135387781,0
2149595204,0
318622545,0
4026422180,0
3565059341,0
4062716495,0
2786093901,0
3032085736,0
1927150233,0
1359297312,0
45551126,0
2382286974,0
3956583203,0
472269667,0
2234454745,0
1975063880,0
38843963,0
1683922363,0
306107728,0
4250389505,0
4254344433,0
2369599630,0
3798132488,0
507817447,0
3710880011,0
2308338799,0
719151435,0
87912994,0
329161652,0
3914464650,0
2062254099,0
1916420788,0
3242151102,0
4219065929,0
1067208952,0
487018256,0
199686672,0
221206645,0
338979124,0
3636708818,0
4108419114,0
1209928289,0
1024514920,0
1599854877,0
233615493,0
2244520692,0
2868410564,0
3235006254,0
3127016666,0
2882166046,0
1968670381,0
457934714,0
1513373996,0
2639506708,0
3061776087,0
21394263,0
602470792,0
2606360449,0
3509442318,0
2938326377,0
1088598995,0
2823719280,0
3602478898,0
1093479493,0
683364774,0
3361701675,0
650240838,0
176256156,0
2056976213,0
286325863,0
710849955,0
3598360514,0
826792138,0
3017027825,0
3812971932,0
3630366464,0
2105711203,0
3291789386,0
3591917024,0
2716987027,0
1371984848,0
2904625473,0
276236503,0
1564338672,0
2831934335,0
1931169479,0
3984579428,0
4231050364,0
2204359347,0
993467417,0
3945992974,0
3217601276,0
1449721657,0
827257602,0
3367957804,0
3275559062,0
1467770493,0
875053307,0
618746196,0
3006499036,0
1710947271,0
3293631631,0
1574588893,0
3327894383,0
3373855710,0
907929962,0
3746150886,0
962062383,0
2650024225,0
1222501009,0
2691249680,0
3252221075,0
3964390548,0
421012128,0
1476520125,0
3135706837,0
1454360992,0
2142342421,0
2099363903,0
1315395388,0
2721992099,0
2605513730,0
1967299886,0
3993858765,0
3945138317,0
3971575610,0
1068213569,0
1128996008,0
2657584706,0
3992629611,0
1479941380,0
68976209,0
511043257,0
2677319467,0
2482590304,0
2795697403,0
1145222260,0
1845471901,0
3294970296,0
2095172230,0
1885988718,0
2185418432,0
201697,0
2105951242,0
1590307414,0
1332989560,0
1996759927,0
228444099,0
1974484608,0
1377350922,0
708499814,0
701307584,0
758346170,0
2498820796,0
1380374999,0
908729555,0
1847530038,0
1367363887,0
3356256922,0
3834366937,0
3463788487,0
576393736,0
1204886295,0
2742635931,0
1766038897,0
3189752648,0
3772185343,0
1343332964,0
3614312070,0
2854795677,0
989055177,0
4014477947,0
2487379210,0
2437885721,0
1361283006,0
422144510,0
32518792,0
2514772984,0
229257850,0
766551378,0
303257780,0
3527015969,0
3668309311,0
4031514640,0
919446782,0
1071305223,0
1153523868,0
372657952,0
3520377643,0
2485520847,0
1057482495,0
673961691,0
2643112308,0
3479285379,0
995048107,0
3577830279,0
4270567529,0
1151303820,0
3765170278,0
115079331,0
3419823844,0
1681584510,0
3205607068,0
165737628,0
3755353977,0
2948242400,0
4031789147,0
2830904030,0
1503623208,0
3149703787,0
1672885165,0
1174291990,0
3181758807,0
1189050051,0
2224539683,0
3927056253,0
2167709952,0
2415985897,0
3658450091,0
1835907999,0
2397127910,0
887702600,0
3552168064,0
1338069454,0
582351825,0
2971830113,0
1349343935,0
1905968647,0
3296293363,0
1043674580,0
1939777541,0
926153979,0
3653831763,0
3378803001,0
3754742761,0
75751630,0
1844735254,0
1018909191,0
2773715386,0
457796409,0
3577314613,0
832594151,0
1456438028,0
3752722891,0
3390321875,0
4100254245,0
1264826922,0
791752082,0
2318700626,0
261444699,0
2475173158,0
3396758076,0
2843520170,0
2194325407,0
646406585,0
2506479518,0
67724754,0
3260682967,0
496486509,0
429651528,0
143691216,0
2005399455,0
1429919780,0
1866121260,0
2048058422,0
2305793159,0
3449290993,0
3774472548,0
350635054,0
1330201261,0
766519711,0
4209517826,0
2561114914,0
52231493,0
868861221,0
3537782284,0
1324303455,0
451898827,0
358380183,0
713261403,0
2126096599,0
3622180325,0
4123320061,0
4227770100,0
2787829656,0
2437915604,0
4178882018,0
3855644519,0
401085788,0
1019880769,0
4270789692,0
1379860325,0
2090957395,0
2193878635,0
1753316235,0
347145019,0
453719983,0
3848905623,0
2077015626,0
3948254088,0
3157302857,0
254490231,0
2307961012,0
1826531054,0
3565089216,0
641238883,0
4086739107,0
3266491160,0
1260768804,0
416137047,0
58233216,0
113448577,0
3585311253,0
721149397,0
1938083928,0
1025332469,0
452594804,0
4071168740,0
774426042,0
2629114675,0
1567363074,0
1124521233,0
1545055941,0
90028722,0
779526503,0
3304439033,0
1606698882,0
862724510,0
2680833851,0
3064455863,0
2304272702,0
2785714141,0
3419154105,0
674344582,0
4230211561,0
1299685498,0
4194337997,0
3629335215,0
2399703327,0
2752775503,0
2893699854,0
428605832,0
3980650838,0
2419490205,0
414573529,0
2067591591,0
2306759021,0
1388672771,0
4283820565,0
3143015899,0
2287243925,0
2530262623,0
2927964583,0
3158882555,0
106163136,0
3353449942,0
1844319563,0
2717916959,0
3171890190,0
3219355406,0
3248542241,0
1879460896,0
3758536555,0
1225429797,0
2772585552,0
3087289399,0
1437893457,0
1863669626,0
1750533173,0
3910081946,0
177254774,0
1437530892,0
2058158828,0
2325939871,0
2772865593,0
265940965,0
751433686,0
2027872115,0
4075052944,0
649671429,0
3871081158,0
1578915304,0
1894396806,0
105580002,0
1256426635,0
2201263526,0
1825410887,0
4123889417,0
592286206,0
2547108457,0
3896108585,0
3019017327,0
3627116156,0
4023326970,0
629128189,0
2703195510,0
2975634425,0
2444964432,0
1243360373,0
481176124,0
619902000,0
626011307,0
4269369851,0
848336344,0
4161773961,0
2671695551,0
561801931,0
1278225551,0
4085940456,0
2640560108,0
382332894,0
1730358768,0
2503118987,0
482474830,0
2120943872,0
3725473043,0
3230421455,0
1556748016,0
597635113,0
1592312940,0
3130994791,0
802592191,0
3637960273,0
2319782373,0
296688317,0
314407812,0
1729583313,0
3954322341,0
1340563869,0
2635411435,0
1966147115,0
2257146545,0
3202389319,0
57784904,0
3499685973,0
45808567,0
689945367,0
759361549,0
1552716815,0
138867310,0
1031152082,0
1427459954,0
3628677874,0
3445852311,0
1318525137,0
2083783386,0
3399678401,0
495102418,0
722509395,0
1812727609,0
2030488857,0
1271035401,0
3416333192,0
2444503986,0
2534593640,0
1640361522,0
3778635536,0
2243757019,0
3864306441,0
4164431372,0
685969233,0
2191360694,0
3747390053,0
2772356791,0
2673916514,0
2335762228,0
504466044,0
581358200,0
792200794,0
46460719,0
3140245290,0
2520668038,0
639547184,0
2822354464,0
2622661406,0
523023940,0
2480651354,0
1747683026,0
2590896241,0
1640808390,0
4108797169,0
2925838748,0
4288773009,0
572851856,0
2292599559,0
4256233697,0
3784546889,0
382439248,0
2177167085,0
2604623623,0
1867078441,0
1776743687,0
225282094,0
3409491773,0
2114342413,0
3579066936,0
894661361,0
3983995052,0
50758936,0
793121474,0
3308771022,0
2122703065,0
2343840318,0
2991039284,0
1548337688,0
366002077,0
3358250500,0
3262802578,0
2975184945,0
563522442,0
793584568,0
1375493893,0
677559095,0
2217757718,0
1332548208,0
1067582020,0
490282412,0
1125620790,0
441768373,0
92547615,0
1669882129,0
3785286437,0
2832547703,0
3394504907,0
150816272,0
1182710496,0
261128713,0
2588326222,0
207319965,0
907300463,0
1027692710,0
4080499840,0
1452383004,0
3371503295,0
73429115,0
2825968588,0
3551035815,0
2756184348,0
3980495320,0
2497670634,0
1095836271,0
103206434,0
2861793582,0
1423385925,0
4142228197,0
344936839,0
2800291688,0
1898053300,0
227827910,0
911610617,0
3220323881,0
3625594691,0
1596778061,0
2023207583,0
1398626673,0
2526663603,0
1936146669,0
609905127,0
3176347741,0
2785982277,0
3471707405,0
2762977585,0
3481236107,0
1034346635,0
3598973927,0
590851582,0
3124689988,0
3749178202,0
986391698,0
561058727,0
3094888989,0
3335077536,0
639424446,0
3134801001,0
3297739001,0
830048886,0
3545184650,0
4283404872,0
600839635,0
1412472168,0
616419786,0
4099586201,0
1510780279,0
55568628,0
1305220100,0
755736033,0
1252118557,0
2383013161,0
3182723184,0
3559062931,0
2937921493,0
3822607740,0
1603344933,0
1246128176,0
3656584267,0
4110017221,0
3434992363,0
1020884692,0
560910632,0
3649175857,0
1964455544,0
2039087123,0
972774752,0
1937938510,0
4283671043,0
3187535260,0
2236981780,0
2367390736,0
1631008672,0
3482897062,0
976002239,0
3376029156,0
3453908223,0
1294707753,0
1782459706,0
1223126596,0
3205858820,0
3837106533,0
3755085793,0
2477959667,0
3717509560,0
2332223276,0
2375001912,0
903005847,0
2117606577,0
674824050,0
3329022491,0
1095318204,0
202659431,0
3356143169,0
3530222480,0
2775440134,0
240314430,0
1608021961,0
2027286025,0
3310217934,0
630719440,0
1598017508,0
1701155753,0
2855691669,0
2064869105,0
1144521913,0
2774364238,0
3927651509,0
1418683725,0
3663499546,0
1923427034,0
658048420,0
1674714836,0
4182227027,0
1502116121,0
2777309995,0
3497010086,0
1408810442,0
1221339003,0
724213323,0
1161207708,0
3317909322,0
3686117906,0
3041790952,0
2476335308,0
1171335089,0
3301238085,0
1808190424,0
2753137362,0
3834582448,0
245167471,0
3483518579,0
3010536123,0
2941033499,0
2585213568,0
2620662680,0
4210680040,0
1712835825,0
4248019140,0
324644141,0
1407607234,0
1463696107,0
1418809675,0
1729732901,0
2631113653,0
1694868733,0
3008881689,0
2820918909,0
1307899999,0
1127182445,0
877407294,0
1693188621,0
1816967148,0
952525144,0
1988074928,0
1336944264,0
1706707730,0
3203370149,0
2798879677,0
3112323260,0
1529078080,0
1695836194,0
3712738766,0
2549773735,0
3167426095,0
2801288783,0
1659735827,0
4065497730,0
2016425642,0
109136407,0
1363130357,0
3902987491,0
1012586496,0
2293177075,0
530217814,0
1801175864,0
44176789,0
1904638593,0
2223878270,0
2180673824,0
2948920644,0
2641914086,0
1010278157,0
1620438843,0
1101098370,0
2723276525,0
2466572332,0
206858879,0
3804083070,0
3991886873,0
1039109479,0
187336655,0
2213764558,0
2540486896,0
3410404261,0
4232042402,0
2505505870,0
4170488643,0
1787885819,0
1256766961,0
1232474562,0
235944037,0
1736852870,0
275172669,0
2425558507,0
401387785,0
1734475179,0
243105640,0
2550059506,0
3885245821,0
197043431,0
2461529437,0
161104977,0
2161758380,0
2307400874,0
1611413938,0
2397429939,0
2121977066,0
2382518430,0
2423565766,0
4192391205,0
2535025119,0
865644570,0
2972080392,0
4005941627,0
3760085321,0
386599204,0
2031552755,0
3405550876,0
2124248263,0
3320349368,0
583188157,0
1626046879,0
3002053166,0
2628137626,0
467244664,0
251101256,0
3456742688,0
4051483573,0
394773550,0
65092917,0
4055494050,0
381869732,0
2914328715,0
3158414131,0
1729385604,0
1289666410,0
1866875595,0
1459676314,0
537383948,0
2300196264,0
1276414627,0
1336280099,0
1156780778,0
4174167944,0
1807370559,0
305793849,0
2236602953,0
3934427136,0
3587698384,0
1796841390,0
734864998,0
3705173515,0
4037048246,0
2088674024,0
3053858452,0
3462045841,0
1515123169,0
1465119019,0
3375850632,0
1276018227,0
308454207,0
2015097688,0
2345682683,0
928671135,0
966734245,0
2739339746,0
503711616,0
3919569115,0
956355846,0
1349587144,0
3608065066,0
3959385809,0
778012886,0
2334447487,0
3880020201,0
356532956,0
1516615902,0
3036357811,0
2242783858,0
1873713464,0
2574885730,0
3119070619,0
4056550555,0
888501251,0
3424799860,0
3339070971,0
1124710095,0
1990844942,0
532966839,0
1770881056,0
1474780343,0
3726449850,0
2991884957,0
4241180198,0
3168216676,0
4120556064,0
2463582193,0
3676655443,0
2079768146,0
2053814456,0
1852606771,0
1526023583,0
805039786,0
94972726,0
4015733714,0
1807035105,0
4072438619,0
522432422,0
1439010347,0
3132117440,0
871613757,0
2980018953,0
3435978641,0
3623173196,0
1432101534,0
1395936472,0
1710757764,0
3029098975,0
66346122,0
581553050,0
1192512768,0
4078712255,0
3940080709,0
1027815464,0
270159834,0
2020764220,0
3197620267,0
910100304,0
820952550,0
3468421095,0
814786942,0
2969361693,0
3313572828,0
3381715133,0
3550869707,0
3777320795,0
1344877571,0
1525249492,0
3839659212,0
2069644043,0
2174810132,0
3326579492,0
4002826247,0
1488190406,0
3730387898,0
3531583919,0
45338751,0
1487504283,0
4172192603,0
862143040,0
623685196,0
402341109,0
814068477,0
833977188,0
1638386401,0
3370403736,0
3836463520,0
995777300,0
3231066514,0
2941127268,0
1501888629,0
255189834,0
2068779166,0
573320536,0
3231264880,0
1648849482,0
1622637373,0
64122073,0
682510885,0
452269462,0
1568621463,0
1112044076,0
2153943587,0
1309980165,0
1475638558,0
2273566988,0
3196385666,0
401876247,0
3883409639,0
4159247747,0
266315763,0
2510730147,0
4035236250,0
364172120,0
1474839893,0
2897130191,0
1235136525,0
4241978989,0
1074711669,0
2115196302,0
3537311736,0
3585790945,0
3242750958,0
3641155023,0
4206448701,0
1050057081,0
3346098327,0
3084193156,0
2074661519,0
88055393,0
1496567143,0
3381448950,0
1171068922,0
2948777838,0
1724518136,0
1439340489,0
2932751557,0
2392805502,0
1698072088,0
827195223,0
900195189,0
1056110012,0
4083904723,0
3187385738,0
1121514833,0
811874554,0
631268166,0
1318584627,0
2630973430,0
4037206473,0
729541492,0
1843944797,0
663595064,0
1473148166,0
2431231270,0
919312084,0
1850390880,0
3035043064,0
1141613476,0
221238456,0
2124388484,0
3023708160,0
1757619997,0
779151729,0
1012134856,0
152331544,0
4001294792,0
3884757347,0
339011065,0
408764950,0
3587766066,0
4101108134,0
2334903965,0
1651792282,0
801345084,0
831331314,0
675934728,0
1233890190,0
3488734991,0
1598997150,0
522442138,0
3080585446,0
2751211412,0
1379001991,0
3503551799,0
2460949375,0
668484306,0
958195021,0
3496177715,0
1535617708,0
2811285793,0
4010104591,0
4252070047,0
925879472,0
288993258,0
3993714919,0
465825317,0
2456720129,0
2973302588,0
3849187276,0
3177072644,0
3478724279,0
2403278490,0
408284456,0
4217204837,0
393710531,0
3604368974,0
3294799609,0
1916542283,0
1266702742,0
960873372,0
1514624740,0
849850712,0
29783014,0
3637458580,0
3207850552,0
35965066,0
1925133892,0
2538659185,0
561334326,0
3199720295,0
3957503228,0
2594992442,0
2210294707,0
735863694,0
1160696512,0
2161213330,0
2365481114,0
1726255509,0
1761549338,0
2711436814,0
1602643997,0
1740688972,0
2042351285,0
4100592593,0
515238449,0
1165744872,0
1724192538,0
2320136974,0
3641065873,0
3513364615,0
3678356487,0
467486737,0
1640462413,0
1015507200,0
4124256573,0
367821978,0
2236848395,0
1826257031,0
268455355,0
3669732559,0
2833521148,0
3221265605,0
115547597,0
1361977290,0
266041754,0
2980985186,0
868122697,0
380625813,0
924175528,0
2001437557,0
1398342368,0
2390974517,0
4138745666,0
1954327875,0
1501683228,0
1807203486,0
967578432,0
4099117905,0
1136010012,0
1953151637,0
713571564,0
2127956652,0
4029281951,0
3197233972,0
3116498185,0
2530355232,0
4281073293,0
2957665030,0
373840824,0
4262341783,0
3405269877,0
1407935122,0
3788839094,0
3914037779,0
2417110336,0
3939479165,0
86224426,0
560234874,0
4056972787,0
1247951085,0
2372130974,0
1083895645,0
3503273589,0
1636130535,0
2634620832,0
1542493692,0
3907878113,0
377646705,0
1327928287,0
4171334329,0
3658731228,0
676466815,0
412341130,0
2080237558,0
1902773543,0
1043043296,0
2828220528,0
1792921222,0
2810894965,0
67127087,0
2027702540,0
4114998870,0
3707957790,0
3369042538,0
4132931439,0
3038987728,0
107820465,0
3816387916,0
1420875741,0
3438728892,0
3185902526,0
1364223623,0
261709616,0
2109248334,0
3170792937,0
1883384745,0
3532195884,0
4086743978,0
1728544045,0
2628867944,0
1651007716,0
1401205728,0
1555188350,0
2331675907,0
847047294,0
3965638423,0
2147364119,0
3135017531,0
4174260727,0
826876222,0
2176258004,0
3965714515,0
3317373892,0
727285618,0
4198818628,0
2151267242,0
2758862151,0
1207380804,0
804035730,0
297936780,0
1740548573,0
1323629032,0
923373878,0
1425000734,0
2156546512,0
752402161,0
2280099273,0
4256329374,0
2292505976,0
1778417542,0
3547814172,0
25727451,0
296586434,0
2870471710,0
3840314580,0
610404721,0
518970483,0
2971586415,0
3774690872,0
1293143231,0
1861180891,0
1550241974,0
2469372179,0
650909415,0
1695402772,0
3323592697,0
1726291030,0
3092200297,0
390955758,0
3760633106,0
3116266427,0
3994715405,0
3741219582,0
527828208,0
1947818924,0
2147910874,0
4159048801,0
2667363464,0
1628114087,0
4167258783,0
1071064998,0
2568861083,0
1848958705,0
1677542643,0
280598859,0
3126774544,0
133557554,0
564253438,0
3979652154,0
3439438916,0
1846076918,0
2012507290,0
2698705205,0
2381522399,0
2998676306,0
3301541886,0
2416367317,0
4225951158,0
2124781724,0
4166650591,0
3648649822,0
2029489406,0
1854155004,0
353057975,0
2488853139,0
2032698707,0
2898976266,0
941728585,0
2822795396,0
3153192490,0
993650157,0
2591214703,0
161654794,0
506808489,0
2459115640,0
1976350034,0
2343444842,0
164706874,0
1077081970,0
1957407940,0
15948812,0
554771699,0
1106287941,0
1571533971,0
182177565,0
2298195069,0
3939449191,0
4163136846,0
230034180,0
884020106,0
3938878901,0
1942382813,0
3808023799,0
1904230814,0
4078247543,0
4274285143,0
3680715105,0
322599400,0
3695896547,0
1264445590,0
1780240333,0
3188750804,0
1668962690,0
1584944376,0
3507717554,0
3756206442,0
4250079848,0
1634689122,0
378530009,0
1333202961,0
2736887444,0
2565072043,0
1885106777,0
1214308669,0
2786374948,0
2431889010,0
3666245598,0
2152469394,0
3827863941,0
3997356751,0
58432981,0
2655799941,0
2300131837,0
1592531461,0
2509932708,0
109293409,0
1158291811,0
1969836521,0
838919252,0
489580193,0
1471156887,0
3779025935,0
4234713474,0
3691939192,0
3544932891,0
2869540334,0
2036691936,0
2758564289,0
3763191861,0
3620085417,0
4281189778,0
2879855123,0
3453723309,0
3810912048,0
3819861195,0
1158141122,0
2778095431,0
1664583627,0
451624815,0
278657980,0
1962360504,0
592943786,0
2049750666,0
1025601522,0
4031648418,0
4225368280,0
1545397635,0
4288933358,0
3920796622,0
2709090621,0
2539643413,0
4195742363,0
3598598571,0
1051048860,0
3046909682,0
2090680660,0
1889118339,0
220956188,0
723244309,0
2656179061,0
1662549320,0
129825506,0
1738328874,0
2369382119,0
3223109979,0
1001826431,0
44481894,0
896344141,0
139029350,0
746316973,0
4146321083,0
1700318528,0
2101441171,0
1942421447,0
1840849239,0
688098140,0
422426519,0
766442658,0
4237238703,0
637982175,0
3510149464,0
2471433151,0
2010517101,0
1356715662,0
745935116,0
835087532,0
975750958,0
1848280833,0
338736989,0
1824396354,0
3769802511,0
175192945,0
2647132657,0
1498986560,0
1163923498,0
843351759,0
3996706810,0
2744631425,0
507540366,0
2485311398,0
396873570,0
1211232482,0
2282921127,0
2471578191,0
3230175142,0
2352703605,0
2967632681,0
66063918,0
2683044984,0
717915241,0
375935220,0
159435517,0
4024437332,0
2035385145,0
1509592775,0
1709317328,0
2987558063,0
3573462,0
2021713441,0
1773329063,0
1162065497,0
2840678983,0
3607431581,0
1534140826,0
4264437723,0
2845648557,0
437219420,0
890082017,0
625938613,0
3271522977,0
1027932983,0
2720169448,0
252545769,0
2289184267,0
3476651193,0
2103389027,0
2430693112,0
2955808707,0
3674469325,0
1766277912,0
731701140,0
2566289143,0
500891152,0
2357311973,0
140529392,0
2393074553,0
847769301,0
2892263927,0
1999746624,0
1431847418,0
3467911574,0
2512173303,0
2837343338,0
1658353385,0
978103275,0
1988749634,0
1811517791,0
509487742,0
3650338535,0
1154909630,0
3306533945,0
1864894867,0
2918850214,0
2678566,0
3852038741,0
3349027684,0
3851686126,0
581802302,0
427333945,0
98930824,0
1494585569,0
697334344,0
2079360333,0
3097851621,0
3134066903,0
1342682546,0
3794233762,0
2540376780,0
2366816781,0
610153078,0
1797354485,0
4025566817,0
2281784319,0
3765183066,0
3839209009,0
3252878782,0
186230058,0
3225746252,0
1253475491,0
1666036478,0
3392876360,0
3675878484,0
3079651120,0
100078180,0
2246406815,0
945805828,0
3799646239,0
1421898235,0
616040344,0
3752999093,0
2262485965,0
3168228717,0
3335112785,0
1137231936,0
4018190584,0
305638167,0
3874943342,0
2371441739,0
2253106342,0
1568030160,0
3319803270,0
764618675,0
2300438420,0
4031794002,0
2189997702,0
2935022260,0
2797386433,0
1074986046,0
294370449,0
152796410,0
3557207374,0
2954105118,0
318383397,0
3182515746,0
3860924966,0
1618977463,0
150507586,0
3751059452,0
1830153764,0
2037483637,0
969819290,0
458578802,0
1268798170,0
3072829215,0
1742783744,0
2624493593,0
722870452,0
3339561932,0
2697014847,0
4167447000,0
394932623,0
2525923085,0
355613135,0
3914671075,0
2149901869,0
4016972328,0
3345832156,0
1570931102,0
1803274356,0
1690816202,0
653029026,0
1153020127,0
1905937098,0
2730751983,0
1948091845,0
38693427,0
4134867817,0
1064235862,0
2879199755,0
3576456886,0
1192973538,0
3251498768,0
2932351324,0
3007594877,0
437444274,0
4291577504,0
4276720826,0
2144419769,0
2629983839,0
3872943619,0
2097092238,0
1644294325,0
2629585607,0
726596539,0
2528287372,0
3395514815,0
3191439318,0
3572370561,0
2560843083,0
923401443,0
3103909480,0
1885798028,0
598677420,0
138325728,0
4031433931,0
4110038092,0
1924279275,0
4292833033,0
575087171,0
607692032,0
3587975515,0
88418201,0
386115098,0
52082003,0
1289058529,0
187472470,0
1466593707,0
2771945121,0
697804916,0
3027832909,0
768495118,0
973655138,0
1095115614,0
3142480889,0
2297525806,0
309037303,0
2402289528,0
3459220851,0
1586534626,0
1253293783,0
910234568,0
3129743822,0
2308942166,0
1536924391,0
3640247754,0
230767969,0
3102101106,0
3272367048,0
3846124009,0
1684279662,0
506562565,0
2553773667,0
109539592,0
383708911,0
2144145394,0
3869670043,0
139436954,0
2413281109,0
262667133,0
619220077,0
1401788456,0
3136175389,0
3863069366,0
3008917814,0
2443266573,0
1133454948,0
1725316787,0
3106452965,0
3954932305,0
3527516847,0
3871628872,0
1903469331,0
3845707432,0
2069603402,0
3360993685,0
654345508,0
3044193559,0
1859084194,0
3130324972,0
1029755867,0
3664971340,0
3794619967,0
2832912484,0
3004837280,0
987318872,0
642761231,0
487175908,0
123421391,0
97193957,0
304393485,0
975301862,0
1092968742,0
2913125801,0
118811640,0
606496523,0
2363558729,0
3894666312,0
530095648,0
759195250,0
4029949847,0
274997630,0
3954166896,0
3555484630,0
1437247912,0
393054626,0
4215231670,0
1534907451,0
1487029264,0
2204967751,0
2262982058,0
3755860210,0
3595680552,0
3602753883,0
3823505344,0
1741503469,0
2407971171,0
4247332701,0
594537974,0
811633478,0
2404842946,0
3557513455,0
2715103875,0
3874462650,0
2004085462,0
34354853,0
1819435176,0
3955584713,0
345685237,0
999606920,0
2567013840,0
1044515460,0
49318414,0
1492200349,0
1299863003,0
3962391570,0
3263785198,0
3822461493,0
1216918470,0
3461399302,0
1454648793,0
472829111,0
4290710684,0
3492608132,0
1356658538,0
2836541237,0
776589334,0
2564998479,0
2747909231,0
1038356816,0
4143891608,0
1572992928,0
4128662871,0
3386222288,0
3747244622,0
2953387636,0
1752363252,0
98393145,0
717670198,0
1045293415,0
1249143601,0
1471230835,0
4226008146,0
3339595490,0
1089211949,0
954353481,0
1066369872,0
1545579996,0
2676949334,0
1069934615,0
1340438495,0
178146956,0
3468190409,0
4024825305,0
3949650681,0
1878496546,0
1373235648,0
3974143693,0
3433082957,0
2286925861,0
2887037542,0
2907816475,0
1926917295,0
690230287,0
2116071271,0
3503200145,0
3132327321,0
4112258977,0
418424244,0
1829599300,0
2626316866,0
981670803,0
2210736617,0
2716538611,0
1390422669,0
2198018408,0
2086634332,0
4052942977,0
1172297803,0
2256310744,0
2356769001,0
1521234873,0
1052833469,0
3128548007,0
4266497561,0
3282395651,0
3870414567,0
1904304250,0
2438236516,0
3992790877,0
2944777779,0
1754943803,0
2257858583,0
1686261595,0
1963882330,0
1610426951,0
2695127838,0
515508655,0
1995220067,0
2180641806,0
3579428590,0
3116323423,0
1702699135,0
4224163731,0
142838308,0
3807966483,0
3447646769,0
3555356796,0
2968220001,0
1848233822,0
32216309,0
548799461,0
2929558585,0
1319764530,0
967652004,0
3901239744,0
3016726156,0
3074458028,0
1807442414,0
695560748,0
1740344342,0
2572096765,0
3447405833,0
2908425409,0
367895934,0
136903996,0
773369397,0
2165396929,0
2624442991,0
1226452720,0
2600093500,0
34162636,0
2601101988,0
1562990191,0
1556408586,0
3951909588,0
620699665,0
2228176877,0
2363815108,0
3323184080,0
1378228748,0
1633237234,0
2441796510,0
734255516,0
4192147893,0
3617805192,0
2987511024,0
975085502,0
985699797,0
2139404978,0
703131137,0
2570886963,0
3375876549,0
798482120,0
1409457769,0
1485893214,0
859133880,0
404227195,0
1760523481,0
1864316141,0
1144153902,0
2985511787,0
1495244451,0
3276653516,0
2444682865,0
399603865,0
2774952513,0
1676643138,0
1624655887,0
4097659594,0
1229642225,0
4160821099,0
2434903174,0
3005691715,0
3275286062,0
1683557261,0
3388079377,0
612420393,0
1514443382,0
478130836,0
2182817591,0
3563064392,0
2088026495,0
932500867,0
3864246770,0
3187044779,0
3203845511,0
2142071911,0
884964219,0
326775928,0
3579889114,0
16987450,0
454194829,0
2585875229,0
878220193,0
1813333531,0
3229713902,0
1304929603,0
3566362463,0
579526146,0
1189485318,0
4051411278,0
91045639,0
1951427508,0
3733494670,0
2605803605,0
4172796261,0
3550687456,0
915206025,0
2631142787,0
234064533,0
3421076279,0
1237829163,0
3728275632,0
2892446120,0
1664405396,0
3390503184,0
45127712,0
4114107488,0
821288768,0
2027242308,0
687479505,0
702685403,0
1307643623,0
853076189,0
3734503545,0
869802319,0
1789299932,0
3449586980,0
3129892488,0
3612078663,0
3024810842,0
3337911293,0
192147945,0
610822886,0
3354149367,0
915765812,0
1227843556,0
836840336,0
3121413957,0
1353306760,0
2225663472,0
535315535,0
375261284,0
209957341,0
4115491202,0
1293528872,0
2404866526,0
4282232145,0
3965081795,0
1524176475,0
665772574,0
587575039,0
2903657565,0
4166019400,0
2806298845,0
513310471,0
3779811337,0
1265109869,0
1797913633,0
2101492428,0
4093913598,0
3395685322,0
49217505,0
3539094134,0
2212570762,0
3276213526,0
2833807914,0
3899285205,0
2506244520,0
543072810,0
1312990205,0
2274438845,0
3529595607,0
1207836940,0
1416785075,0
1722382534,0
2185910548,0
2103850415,0
3548199563,0
1199688244,0
1417691044,0
1806084173,0
267275837,0
3711645332,0
3322622024,0
622930586,0
64440594,0
1668770538,0
265450450,0
1537813779,0
3130766770,0
3663131277,0
2689385169,0
1083434261,0
382288531,0
3179911827,0
4088388966,0
2062858755,0
2674748995,0
2786590075,0
3757001404,0
3495105468,0
2898034046,0
3248078820,0
3218573548,0
3237899990,0
3185810065,0
3341448483,0
3725926307,0
3222720281,0
3868060424,0
3526281,0
2882648423,0
2142390663,0
983890192,0
4209433336,0
2807309098,0
3601222946,0
1155469785,0
2191718619,0
2239161134,0
3978716043,0
3632434853,0
4253753057,0
841458536,0
1447781996,0
2457509971,0
2804664338,0
652138838,0
3549797188,0
3682744028,0
350796756,0
2615032889,0
1401420735,0
3398347269,0
2476154678,0
1330665261,0
1099727166,0
3318593712,0
2303370895,0
1640919557,0
3798298942,0
698207203,0
3893736941,0
2668791163,0
1345607333,0
1803059714,0
203306480,0
2150084210,0
1592757856,0
2293094192,0
3265297577,0
449607763,0
2201641564,0
3655688087,0
3861290000,0
4067546040,0
46513602,0
3960379954,0
2727919353,0
3376219935,0
2724721996,0
3834654624,0
1509375852,0
2501338186,0
1220728961,0
3169733537,0
327516109,0
1915932000,0
3924981487,0
3079058808,0
749608325,0
980315492,0
2499468079,0
2798434733,0
1336876184,0
3519777083,0
3492165214,0
3190880595,0
2880364770,0
4106361215,0
457377966,0
1435365012,0
1807834606,0
3454234140,0
3024082616,0
1502139476,0
990052322,0
3201472070,0
263035114,0
2324442743,0
3126690150,0
821629338,0
2751426507,0
174130489,0
1654632458,0
1034768844,0
3172059526,0
707684089,0
1284956117,0
1823250935,0
781182146,0
4219355263,0
296634448,0
3540895825,0
1975684436,0
2934075137,0
3231292277,0
3348343503,0
4146110180,0
1766067015,0
497138762,0
2065237350,0
92486648,0
2244951234,0
3099217141,0
2028568235,0
3047640127,0
1399806576,0
2531729287,0
1919136579,0
1424637862,0
87424502,0
769533645,0
2240895747,0
3430675611,0
2904877049,0
3604275462,0
2554107829,0
3290433493,0
1816410168,0
2621221964,0
2736246276,0
594893861,0
1168146894,0
3440103379,0
2968743930,0
2960931734,0
482766200,0
248138200,0
3071410063,0
441215587,0
2133839274,0
3742368009,0
1714748651,0
2600474230,0
3658841291,0
2361437957,0
3485301859,0
2999617574,0
1941814685,0
2514198084,0
1685914862,0
3990431806,0
2384337314,0
2820092319,0
3063844722,0
938163899,0
2072281419,0
1974970550,0
917333797,0
3825068985,0
2017593779,0
2285542855,0
362315932,0
3556744006,0
3946552538,0
2771602017,0
4215992088,0
3557883538,0
2759461405,0
2471234327,0
1547412159,0
1465488060,0
1579361433,0
885331852,0
1207234518,0
107933987,0
3109548944,0
527810658,0
1584552634,0
2674368665,0
3301425144,0
3145516045,0
79334667,0
1118968914,0
291680862,0
3128692127,0
2521589919,0
2762211446,0
3346729728,0
1030970279,0
497752010,0
280804480,0
814152354,0
3145961400,0
1772048273,0
1448318452,0
2853954689,0
3584003695,0
3191486345,0
3884835726,0
2425017112,0
1789865998,0
3431251758,0
3585855995,0
2233965837,0
947087576,0
4198342190,0
2746067114,0
3754640863,0
3709654039,0
2831971657,0
90473429,0
725389865,0
4179175732,0
2530943592,0
1959819652,0
4031601405,0
1969162617,0
3301484058,0
3117390433,0
2527381840,0
3565663333,0
769149785,0
950545422,0
3116464274,0
3526654711,0
3914755004,0
2656131882,0
1948026847,0
3663477847,0
1159762942,0
1573134488,0
256194853,0
146824435,0
1911834008,0
146110737,0
3272591617,0
2193952120,0
3675489008,0
723033418,0
3369121914,0
565386575,0
945252283,0
3262855295,0
2730275226,0
2049965781,0
220778051,0
518705955,0
2010465842,0
3810963311,0
766182191,0
2380393070,0
3605800549,0
2793853674,0
668715004,0
4282943667,0
635902491,0
324942619,0
1157930141,0
3585835276,0
3830147958,0
172296794,0
2600081355,0
530407853,0
2310401338,0
420147371,0
4273135020,0
1846394941,0
1997992316,0
1252680026,0
109465836,0
338951938,0
2711715252,0
3148316891,0
1534224837,0
3086573120,0
901065924,0
3680504126,0
1099685663,0
558651130,0
745888083,0
4160477746,0
1302007525,0
2164058788,0
2124463447,0
896428050,0
1885288966,0
839101451,0
2546145378,0
2869624241,0
3937725479,0
3691892007,0
1114200196,0
3044804841,0
422510536,0
2107211290,0
2844764952,0
999419715,0
2645810353,0
2784328416,0
3306617958,0
1274747852,0
1163754,0
3770951924,0
3886673133,0
3507539437,0
2598246568,0
1999830559,0
1023159130,0
1333024846,0
2709141858,0
1058974913,0
4271297231,0
2553905561,0
3093387476,0
2043509070,0
217486399,0
2602847671,0
2185198838,0
2308039257,0
2764074163,0
1255017887,0
3789296382,0
2269801067,0
2369433272,0
4108719644,0
1703367153,0
1209637975,0
2815010567,0
1419713092,0
4237164619,0
1978257271,0
3024108928,0
2615651931,0
1013922811,0
3851759882,0
2079433897,0
3961748769,0
2459042204,0
2090623152,0
1659540968,0
194727974,0
2341023965,0
866803816,0
1278301360,0
1510381755,0
2845782255,0
1359864835,0
4090001275,0
4062227867,0
3177266012,0
39336431,0
1394583722,0
1120749015,0
3294760216,0
146782155,0
2629700993,0
288607357,0
1079799059,0
2580658483,0
3959891680,0
1498341504,0
2718674520,0
2899322474,0
1256399302,0
3688306428,0
759407328,0
2612644250,0
605591612,0
284005889,0
3767861877,0
2370381174,0
321761493,0
1200143938,0
1506962648,0
486449609,0
258816069,0
1991344353,0
3470857455,0
2082657415,0
2684978364,0
1309140368,0
1053758181,0
1695045737,0
1697298003,0
4162999889,0
74045310,0
3629241552,0
1630210027,0
2401593031,0
2903802998,0
1428305414,0
2903028797,0
406942301,0
2633522759,0
684336864,0
625525385,0
3899099892,0
739849871,0
4086933825,0
2354389805,0
4289147783,0
4124571476,0
3682429848,0
481579617,0
855209600,0
1008926386,0
2270628045,0
1721859039,0
620018726,0
3447320778,0
1815480097,0
367705989,0
2184734221,0
2550294425,0
1416667504,0
3196023268,0
766253524,0
3143617583,0
2530865067,0
3650576526,0
2379552140,0
2742474932,0
1828781202,0
1696968625,0
2730353527,0
3716051193,0
862982613,0
4047431459,0
821347771,0
1207170349,0
140165669,0
1386760754,0
2743802052,0
2411912938,0
3565955154,0
3491835045,0
3261487833,0
3565838404,0
3498000504,0
3699776214,0
3165006622,0
2158786947,0
2365167202,0
1257174503,0
74137857,0
3419412210,0
4215355922,0
1333454256,0
3044891140,0
2598860141,0
3021486283,0
1300593128,0
1094740808,0
3128868956,0
981617022,0
3172140101,0
723879849,0
2286461662,0
3335329336,0
3821605979,0
1298894897,0
581927820,0
3662801014,0
74529116,0
452428777,0
4062891532,0
2613835395,0
3844400867,0
1389111031,0
1241177288,0
919554237,0
3179542788,0
4174051230,0
3276462391,0
703277715,0
1431269643,0
2165921496,0
1697540154,0
184271953,0
1784815977,0
1135355976,0
3673888047,0
1908680215,0
2614681386,0
1482381833,0
4086089982,0
2588203456,0
2418552152,0
1738709398,0
2280166443,0
2398975149,0
474006501,0
4094274856,0
1388527381,0
2363092519,0
1054596109,0
3059039013,0
37107389,0
3759119523,0
45474389,0
2835940741,0
3564234786,0
68507033,0
1918681650,0
4100833773,0
1930585359,0
2259233524,0
3541251545,0
800377680,0
216907407,0
1660010328,0
2479328273,0
965748807,0
2635858979,0
2254005529,0
3484118459,0
525350051,0
883628254,0
2504921708,0
2078969369,0
318711570,0
2553253953,0
551578657,0
1848079008,0
1208137447,0
2643261794,0
2381839286,0
1487915917,0
1981935981,0
2050282597,0
4278585685,0
4290993986,0
3445997697,0
845208117,0
1356983689,0
3457243906,0
2171741183,0
1597414928,0
1394435433,0
207597044,0
1814706026,0
420734251,0
689661310,0
4109826855,0
793019581,0
368480206,0
34604782,0
1648602147,0
1234282991,0
1272858178,0
4199096272,0
2083871099,0
2207623028,0
2648920620,0
4103247842,0
99213791,0
1836875381,0
59230095,0
3926121111,0
1838925400,0
4086364341,0
65563841,0
954224907,0
2590584344,0
502346455,0
1794507329,0
181810057,0
781732030,0
1954608921,0
860194018,0
1533625205,0
1299442721,0
4132961619,0
1748199664,0
3083419087,0
3234729305,0
3649902803,0
1110453922,0
697014335,0
3941800375,0
645718250,0
4064981457,0
2877368896,0
2168988647,0
293335932,0
3194175919,0
3965467476,0
564721974,0
3427732345,0
1184981595,0
1416158560,0
4215995801,0
4140031611,0
1608400863,0
2287131267,0
1974653635,0
1521702226,0
3759385832,0
2961361285,0
1167566158,0
4070591248,0
104302341,0
804689862,0
3475209944,0
1659974549,0
528894749,0
124063859,0
1313921209,0
634066529,0
2045256896,0
1521980868,0
2842385258,0
3040431748,0
1384211331,0
3558180071,0
821202349,0
741653355,0
1976758877,0
134107269,0
104373991,0
1162182309,0
752026438,0
3702232882,0
2355011226,0
2873827209,0
1649475510,0
2927161815,0
2998376165,0
272558582,0
1020274464,0
807167092,0
9671836,0
3604698081,0
518349252,0
524796771,0
1731844448,0
1776439634,0
1168295560,0
953496269,0
3676433158,0
991148597,0
558461745,0
1180978800,0
1339163227,0
930193517,0
2577057062,0
2415451890,0
2648698067,0
1499641944,0
2948387830,0
3042779713,0
2666987839,0
3339269145,0
3316688499,0
3050984188,0
128829945,0
1530104829,0
1540633552,0
2153965599,0
3533154093,0
3433608020,0
849737246,0
2161851631,0
4177522276,0
1842244878,0
1117559789,0
3158280107,0
2224128053,0
1555691465,0
3077364084,0
2250964508,0
428385757,0
4041933032,0
358076192,0
1209475497,0
688346421,0
2156000359,0
4152804593,0
515307704,0
2786672773,0
921544327,0
3163268858,0
236114982,0
1532183405,0
899394427,0
1854903627,0
608450850,0
3680310237,0
291357487,0
3040733905,0
1120862865,0
76347692,0
2832275439,0
2116216865,0
2715575159,0
3310820958,0
549323004,0
1836621852,0
2061123004,0
2045926557,0
1767842295,0
121839648,0
3725722968,0
3774549287,0
892308010,0
1001310864,0
1271152159,0
4192222310,0
2728514364,0
3885418814,0
1880657960,0
1960139855,0
2902972387,0
344313770,0
1435028319,0
4270717055,0
1883508918,0
1139700958,0
1149481159,0
2307573993,0
2382410973,0
3076767894,0
1416401211,0
1610092428,0
509088097,0
1478690439,0
1736747461,0
1549462449,0
1237376208,0
3309794531,0
3990898171,0
4193928251,0
1161943792,0
2397506800,0
2316446924,0
1105892881,0
1937313832,0
96225929,0
3089387086,0
2445113926,0
1419659433,0
3526139806,0
493908032,0
594256301,0
4052640295,0
2576447633,0
3436315545,0
2402899596,0
3307988613,0
704288069,0
1110187753,0
994470751,0
1075701212,0
3564681686,0
1016947284,0
931946525,0
483409572,0
2142444394,0
250965003,0
1170852243,0
1011860355,0
1985835914,0
2439859694,0
3765944365,0
1239215259,0
4216460219,0
1004113916,0
3066748806,0
980867322,0
2149233809,0
2410261453,0
3863515970,0
917865036,0
277059923,0
3433161376,0
693510154,0
1235986935,0
2735912049,0
3734947922,0
2514659107,0
1131913815,0
1854615838,0
1398749695,0
843508326,0
3003522539,0
1117836259,0
2631577725,0
2205598000,0
1263072021,0
1634294653,0
1664083236,0
3411710958,0
2261874298,0
3877241908,0
1575994602,0
1759450966,0
2912374942,0
4139483893,0
3874322425,0
259349162,0
2453661246,0
376335339,0
2622810888,0
1245972670,0
2505187879,0
3831042098,0
664699281,0
3759531262,0
1735016476,0
1496317228,0
385922195,0
620471748,0
719910012,0
2952863085,0
3303445840,0
1310447067,0
3732500607,0
2868548743,0
1306426062,0
3954599934,0
1360627622,0
2549890481,0
534259648,0
3685319257,0
3703850560,0
2845440196,0
1560837319,0
1058649658,0
2265918470,0
2483074385,0
2164356491,0
2047792253,0
2307686655,0
3509708613,0
3091210891,0
2425860542,0
2142589820,0
2781615909,0
3227840512,0
2871777049,0
158745035,0
3946902071,0
4113958767,0
3901607501,0
3789479741,0
381982386,0
3448852741,0
265338385,0
3356925450,0
1319239979,0
3149587069,0
3870497572,0
641784813,0
4294330040,0
2136863411,0
4289210981,0
3648051363,0
943074997,0
662876634,0
1492232016,0
2292187921,0
2770646762,0
363389715,0
902880293,0
746625594,0
3701090973,0
3916906772,0
639940392,0
1328619043,0
2837064748,0
1902678872,0
4066100086,0
2425485736,0
4131392147,0
1914609316,0
2411043718,0
3844834621,0
4113988947,0
2244626103,0
2593035829,0
3741117569,0
3248921143,0
4196185222,0
2620837851,0
2781882222,0
1219472639,0
3319507304,0
2445274169,0
4268376146,0
2998093964,0
1223608641,0
3745255625,0
3498020105,0
1059304994,0
3249213361,0
2505915333,0
624350737,0
241537354,0
1865234412,0
4129580630,0
1749087221,0
4006034744,0
2334339134,0
1592691834,0
1697468690,0
1137139055,0
